%YAML:1.0

#--------------------------------------------------------------------------------------------
# Camera Parameters. Adjust them!
#--------------------------------------------------------------------------------------------

# Camera calibration and distortion parameters (OpenCV) 
#+++++ Cam0 +++++
Camera1.fx: 461.0204449258414
Camera1.fy: 458.63956688957865
Camera1.cx: 344.8380247856544
Camera1.cy: 256.7844928550531

Camera1.k1: 0.007525517032582946
Camera1.k2: 0.016907218189922118
Camera1.p1: 5.795374623966506e-05
Camera1.p2: 0.0061420859898250685
Camera.k3: 0.000000

# Camera frames per second 
Camera.fps: 10.0

# Color order of the images (0: BGR, 1: RGB. It is ignored if images are grayscale)
Camera.RGB: 0

#T_SC
Cam0.T00: 1.0
Cam0.T01: 0.0
Cam0.T02: 0.0
Cam0.T03: 0.0
Cam0.T10: 0.0
Cam0.T11: 1.0
Cam0.T12: 0.0
Cam0.T13: 0.0
Cam0.T20: 0.0
Cam0.T21: 0.0
Cam0.T22: 1.0
Cam0.T23: 0.0
Cam0.T30: 0.0
Cam0.T31: 0.0
Cam0.T32: 0.0
Cam0.T33: 1.0

